Title,Type,Files,Size,IMDB,Spoken Languages,Texted Languages,Tags,Quality (+),Quality (-),Uploaded,By,User Type,Seeders,Leechers,Info Hash,Picture,Capture Date
Soundtrack Of Our Lives - Take Me Back (Live XL Live 2010),203,1,36.5 MiB (38274592 Bytes),,,,,0,0,2010-04-02T15:30:13Z,RosaMannen,[V],0,0,ACF1E5CE9A7CA10996724185723D559CC569205B,,2012-07-18T09:35:50Z
