Filename,Size,Unit
twiz-resevilafterlifer5.avi,700.52,M
