Filename,Size,Unit
/Brooklyn's Finest (2009) DVDSCR DivXNL-Team.avi,694.14,M
/Demonoid.com.txt,42,B
/DivXNL-Team NFO Read Before Playing!.txt,736,B
