Filename,Size,Unit
Claudio.Abbado.Bach.Brandenburg.Concertos.DVDRip.XviD-sagesen.avi,953.03,M
