User Type,Username,Date,Text
,pumafred,2010-09-11T16:04Z,Thanks! Does it have subtitles?
