User Type,Username,Date,Text
,JaeKim,2010-03-03T01:46Z,Please seed. ;_;
,erikjen1,2011-07-21T09:18Z,Thank you! Seeding...
,Umppallumppa,2011-08-10T19:39Z,Seed please....
