Filename,Size,Unit
/Wiz Khalifa - Kush  OJ (DatPiff.com)/16 - Good Dank.mp3,11.67,M
/Wiz Khalifa - Kush  OJ (DatPiff.com)/02 - Mezmorized.mp3,10.26,M
/Wiz Khalifa - Kush  OJ (DatPiff.com)/09 - Up.mp3,9.86,M
/Wiz Khalifa - Kush  OJ (DatPiff.com)/11 - In The Cut.mp3,9.71,M
/Wiz Khalifa - Kush  OJ (DatPiff.com)/06 - Spotlight ft Killa Kyleon.mp3,9.64,M
/Wiz Khalifa - Kush  OJ (DatPiff.com)/14 - Slim Skit.mp3,8.42,M
/Wiz Khalifa - Kush  OJ (DatPiff.com)/10 - Never Been.mp3,8.18,M
/Wiz Khalifa - Kush  OJ (DatPiff.com)/15 - Pedal To The Medal ft Johnny Juliano.mp3,7.89,M
/Wiz Khalifa - Kush  OJ (DatPiff.com)/13 - Still Blazin.mp3,7.89,M
/Wiz Khalifa - Kush  OJ (DatPiff.com)/18 - Glass House ft Curreny and Big Kritt.mp3,7.5,M
/Wiz Khalifa - Kush  OJ (DatPiff.com)/08 - The Kid Frankie.mp3,7.43,M
/Wiz Khalifa - Kush  OJ (DatPiff.com)/12 - Visions.mp3,7.07,M
/Wiz Khalifa - Kush  OJ (DatPiff.com)/20 - Supply ft Nesby Phips.mp3,6.77,M
/Wiz Khalifa - Kush  OJ (DatPiff.com)/05 - The Statement.mp3,6.38,M
/Wiz Khalifa - Kush  OJ (DatPiff.com)/03 - Were Done.mp3,5.3,M
/Wiz Khalifa - Kush  OJ (DatPiff.com)/19 - Outro.mp3,3.49,M
/Wiz Khalifa - Kush  OJ (DatPiff.com)/01 - Waken Baken.mp3,3.41,M
/Wiz Khalifa - Kush  OJ (DatPiff.com)/07 - Skit 2.mp3,3.15,M
/Wiz Khalifa - Kush  OJ (DatPiff.com)/04 - Skit 1.mp3,3.15,M
/Wiz Khalifa - Kush  OJ (DatPiff.com)/17 - Skit 3.mp3,2.02,M
/Wiz Khalifa - Kush  OJ (DatPiff.com)/Wiz_Khalifa_Kush_Oj-front-large.jpg,234.62,K
/Wiz Khalifa - Kush  OJ (DatPiff.com)/Wiz_Khalifa_Kush_Oj-back-large.jpg,219.38,K
