Title,Type,Files,Size,IMDB,Spoken Languages,Texted Languages,Tags,Quality (+),Quality (-),Uploaded,By,User Type,Seeders,Leechers,Info Hash,Picture,Capture Date
Cyber Update Nov.2009------WA-7343  Lola-Felony,501,340,785.46 MiB (823613746 Bytes),,English,,,1,0,2009-11-13T17:23:20Z,merzedes,[V],0,1,925FBD4E494DEE5FB6F659B073A7471BFCEE484F,,2012-07-24T23:21:54Z
