Filename,Size,Unit
Mysteriet.pÃ¥.Greveholm.1996.E17.SWEDISH.DVDRip.XViD-Julkalendern.avi,81.84,M
