Filename,Size,Unit
European_homemade_stolen_pics.rar,255.42,M
