Filename,Size,Unit
/1.JPG,58.27,K
/2.JPG,76.81,K
/22P2P.url,174,B
/BTÁú¼Ò×åÓëÄú¹²ÇìÉ«ÖÐÉ«ÎåÖÜÄêÇì.jpg,260.7,K
/SISÐÂÆ¬Ñ¹Æ¬Ð¡×é³ÏÑûÑ¹Æ¬ÈËÔ±£¬¹²Í¬´òÔìÐ¡Ó²ÅÌÐÂÆ¬Æ·ÅÆ.txt,237,B
/SexInSex ·ÀÆÁ±Î³ÌÐò.txt,89,B
/SexInSex! Board.url,197,B
/University Gang Bang 5.jpg,189.98,K
/University Gang Bang 5£¨´óÑ§Èº½»°ï»á£©.rmvb,553.97,M
/thumbs20100610113647.jpg,125.8,K
/É«ÖÐÉ«Ðû´«.txt,227,B
