User Type,Username,Date,Text
,Veedhu,2010-09-24T08:23Z,"pleeeeeeeeeeez 

seeeeeeeeeeeed"
