Filename,Size,Unit
/The Bourne Supremacy (2004).[ThCr].torrent,63.27,K
/The Bourne Ultimatum (2007).[ThCr].torrent,63.19,K
/The.Bourne.Identity.(2002).[ThCr].avi,800.58,M
