Filename,Size,Unit
/01 av 37 BjÃ¶rn Hellberg - GrÃ¤ddhyllan.mp3,139.23,K
/02 av 37 BjÃ¶rn Hellberg - GrÃ¤ddhyllan.mp3,824.9,K
/03 av 37 BjÃ¶rn Hellberg - GrÃ¤ddhyllan.mp3,568.16,K
/04 av 37 BjÃ¶rn Hellberg - GrÃ¤ddhyllan.mp3,8.56,M
/05 av 37 BjÃ¶rn Hellberg - GrÃ¤ddhyllan.mp3,10.17,M
/06 av 37 BjÃ¶rn Hellberg - GrÃ¤ddhyllan.mp3,9.09,M
/07 av 37 BjÃ¶rn Hellberg - GrÃ¤ddhyllan.mp3,13.41,M
/08 av 37 BjÃ¶rn Hellberg - GrÃ¤ddhyllan.mp3,8.88,M
/09 av 37 BjÃ¶rn Hellberg - GrÃ¤ddhyllan.mp3,9.94,M
/10 av 37 BjÃ¶rn Hellberg - GrÃ¤ddhyllan.mp3,8.93,M
/11 av 37 BjÃ¶rn Hellberg - GrÃ¤ddhyllan.mp3,4.94,M
/12 av 37 BjÃ¶rn Hellberg - GrÃ¤ddhyllan.mp3,3.58,M
/13 av 37 BjÃ¶rn Hellberg - GrÃ¤ddhyllan.mp3,8.52,M
/14 av 37 BjÃ¶rn Hellberg - GrÃ¤ddhyllan.mp3,9.63,M
/15 av 37 BjÃ¶rn Hellberg - GrÃ¤ddhyllan.mp3,6.09,M
/16 av 37 BjÃ¶rn Hellberg - GrÃ¤ddhyllan.mp3,4.78,M
/17 av 37 BjÃ¶rn Hellberg - GrÃ¤ddhyllan.mp3,8.87,M
/18 av 37 BjÃ¶rn Hellberg - GrÃ¤ddhyllan.mp3,12.16,M
/19 av 37 BjÃ¶rn Hellberg - GrÃ¤ddhyllan.mp3,11.32,M
/20 av 37 BjÃ¶rn Hellberg - GrÃ¤ddhyllan.mp3,9.25,M
/21 av 37 BjÃ¶rn Hellberg - GrÃ¤ddhyllan.mp3,4.97,M
/22 av 37 BjÃ¶rn Hellberg - GrÃ¤ddhyllan.mp3,5.2,M
/23 av 37 BjÃ¶rn Hellberg - GrÃ¤ddhyllan.mp3,6.4,M
/24 av 37 BjÃ¶rn Hellberg - GrÃ¤ddhyllan.mp3,5.9,M
/25 av 37 BjÃ¶rn Hellberg - GrÃ¤ddhyllan.mp3,11.79,M
/26 av 37 BjÃ¶rn Hellberg - GrÃ¤ddhyllan.mp3,9.14,M
/27 av 37 BjÃ¶rn Hellberg - GrÃ¤ddhyllan.mp3,10.36,M
/28 av 37 BjÃ¶rn Hellberg - GrÃ¤ddhyllan.mp3,6.2,M
/29 av 37 BjÃ¶rn Hellberg - GrÃ¤ddhyllan.mp3,11.67,M
/30 av 37 BjÃ¶rn Hellberg - GrÃ¤ddhyllan.mp3,6.56,M
/31 av 37 BjÃ¶rn Hellberg - GrÃ¤ddhyllan.mp3,7.98,M
/32 av 37 BjÃ¶rn Hellberg - GrÃ¤ddhyllan.mp3,9.38,M
/33 av 37 BjÃ¶rn Hellberg - GrÃ¤ddhyllan.mp3,3.29,M
/34 av 37 BjÃ¶rn Hellberg - GrÃ¤ddhyllan.mp3,2.73,M
/35 av 37 BjÃ¶rn Hellberg - GrÃ¤ddhyllan.mp3,5.72,M
/36 av 37 BjÃ¶rn Hellberg - GrÃ¤ddhyllan.mp3,6.86,M
/37 av 37 BjÃ¶rn Hellberg - GrÃ¤ddhyllan.mp3,2.26,M
/FiLMFiX.jpeg.jpg,105.15,K
/readme.jpg,177.22,K
