Filename,Size,Unit
/01 Gimme More.mp3,3.73,M
/02 Piece Of Me.mp3,4.96,M
/09 Hot As Ice.mp3,4.51,M
/Britney/01 I'm A Slave 4 U.m4a,3.32,M
/Britney/02 Overprotected.m4a,3.01,M
/Britney/03 Lonely.m4a,3.07,M
"/Britney/04 I'm Not A Girl, Not Yet A Woman.m4a",3.55,M
/Britney/05 Boys.m4a,3.13,M
/Britney/06 Anticipating.m4a,2.99,M
/Britney/07 I Love Rock 'n' Roll.m4a,2.89,M
/Britney/08 Cinderella.m4a,3.32,M
/Britney/09 Let Me Be.m4a,2.6,M
/Britney/10 Bombastic Love.m4a,2.8,M
/Britney/11 That's Where You Take Me.m4a,3.28,M
/Britney/12 When I Found You.m4a,3.35,M
/Britney/13 Before The Goodbye.m4a,3.47,M
/Britney/14 What It's Like To Be Me.m4a,2.66,M
/Circus/01 Womanizer.m4a,3.77,M
/Circus/02 Circus.m4a,2.95,M
/Circus/03 Out From Under.m4a,3.68,M
/Circus/04 Kill The Lights.m4a,3.64,M
/Circus/05 Shattered Glass.m4a,2.66,M
/Circus/06 If U Seek Amy.m4a,3.34,M
/Circus/07 Unusual You.m4a,4,M
/Circus/08 Blur.m4a,2.9,M
/Circus/09 Mmm Papi.m4a,3.08,M
/Circus/10 Mannequin.m4a,3.85,M
/Circus/11 Lace And Leather.m4a,2.58,M
/Circus/12 My Baby.m4a,3.08,M
/Circus/13 Radar.m4a,3.56,M
/In The Zone/01 Me Against The Music.m4a,3.65,M
/In The Zone/02 (I Got That) Boom Boom.m4a,4.55,M
/In The Zone/03 Showdown.m4a,3.21,M
/In The Zone/04 Breathe On Me.m4a,3.53,M
/In The Zone/05 Early Mornin'.m4a,3.6,M
/In The Zone/06 Toxic.m4a,3.22,M
/In The Zone/07 Outrageous.m4a,3.32,M
/In The Zone/08 Touch Of My Hand.m4a,4.12,M
/In The Zone/09 The Hook Up.m4a,3.79,M
/In The Zone/10 Shadow.m4a,3.55,M
/In The Zone/11 Brave New Girl.m4a,3.29,M
/In The Zone/12 Everytime.m4a,3.67,M
/In The Zone/13 Me Against The Music (Rishi Rich's Desi Kulcha Remix).m4a,4.29,M
/In The Zone/14 The Answer.m4a,3.73,M
/In The Zone/15 Don't Hang Up.m4a,3.87,M
/Intimidated/01 Britney Raps.mp3,2.2,M
/Intimidated/02 Intimidated.mp3,5.2,M
/Intimidated/03 I've Just Begun (Having My Fun.mp3,4.78,M
/Intimidated/04 The answer.mp3,6.24,M
/Intimidated/05 We Will Rock You (with Beyonce & P!nk).mp3,5.1,M
/Intimidated/06 Don_t Hang Up.mp3,5.37,M
/Intimidated/07 Boys & Girls.mp3,4.86,M
/Intimidated/08 Guilty.mp3,3.9,M
/Intimidated/09 Do Somethin'.mp3,5.78,M
/Intimidated/10 And Then We Kiss.mp3,6.92,M
/Intimidated/11 Mona Lisa.mp3,6.3,M
/Intimidated/12 Get it.mp3,4.76,M
/Intimidated/13 Someday (I Will Understand).mp3,4.47,M
/Intimidated/14 Chaotic.mp3,6.76,M
/Intimidated/15 Over To You Now.mp3,6.81,M
/Intimidated/16 Chris Cox Megamix.mp3,8.96,M
/Upload by.rtf,375,B
