Filename,Size,Unit
SP Palau 37 [741C495C].wmv,718.98,M
