Filename,Size,Unit
/COOGANS_BLUFF_NEWTON/COOGANS_BLUFF.ISO,3.4,G
/COOGANS_BLUFF_NEWTON/COOGANS_BLUFF.MDS,4.21,K
/INFO 2Lions Team/Clint_Eastwood_Collection_Coogan's_Bluff_R1-[cdcovers_cc]-front.jpg,2.15,M
/INFO 2Lions Team/logo 2Lions.jpg,314.99,K
/INFO 2Lions Team/poster.jpg,23.06,K
/INFO 2Lions Team/Read.Me.1st.[Movie-Torrentz].txt,2.2,K
/INFO 2Lions Team/Clint Eastwood Collection - Coogan s Bluff (1968) PAL 2Lions-Team.txt,1.12,K
/INFO 2Lions Team/Torrents aan geboden door _2lions.ons-forum.nl.txt,904,B
/INFO 2Lions Team/Torrent_downloaded_from_AhaShare.com.txt,611,B
/INFO 2Lions Team/Torrent_downloaded_from_Demonoid.com.txt,601,B
