Filename,Size,Unit
/0000-thomas_bodstroem_-_rymmaren_2008-lzy.m3u,6.75,K
/0000-thomas_bodstroem_-_rymmaren_2008-lzy.nfo,9.31,K
/0000-thomas_bodstroem_-_rymmaren_2008-lzy.sfv,8.18,K
/0100-thomas_bodstroem_-_rymmaren_cd01-lzy.m3u,1.2,K
/0101-thomas_bodstroem_-_rymmaren_01.01-lzy.mp3,3.62,M
/0102-thomas_bodstroem_-_rymmaren_01.02-lzy.mp3,5.08,M
/0103-thomas_bodstroem_-_rymmaren_01.03-lzy.mp3,4.16,M
/0104-thomas_bodstroem_-_rymmaren_01.04-lzy.mp3,5.41,M
/0105-thomas_bodstroem_-_rymmaren_01.05-lzy.mp3,4.54,M
/0106-thomas_bodstroem_-_rymmaren_01.06-lzy.mp3,4.92,M
/0107-thomas_bodstroem_-_rymmaren_01.07-lzy.mp3,5.12,M
/0108-thomas_bodstroem_-_rymmaren_01.08-lzy.mp3,5.45,M
/0109-thomas_bodstroem_-_rymmaren_01.09-lzy.mp3,4.2,M
/0110-thomas_bodstroem_-_rymmaren_01.10-lzy.mp3,5.85,M
/0111-thomas_bodstroem_-_rymmaren_01.11-lzy.mp3,3.56,M
/0112-thomas_bodstroem_-_rymmaren_01.12-lzy.mp3,4.14,M
/0113-thomas_bodstroem_-_rymmaren_01.13-lzy.mp3,5.9,M
/0200-thomas_bodstroem_-_rymmaren_cd02-lzy.m3u,1.38,K
/0201-thomas_bodstroem_-_rymmaren_02.01-lzy.mp3,75.22,K
/0202-thomas_bodstroem_-_rymmaren_02.02-lzy.mp3,3.83,M
/0203-thomas_bodstroem_-_rymmaren_02.03-lzy.mp3,5.07,M
/0204-thomas_bodstroem_-_rymmaren_02.04-lzy.mp3,5.24,M
/0205-thomas_bodstroem_-_rymmaren_02.05-lzy.mp3,3.79,M
/0206-thomas_bodstroem_-_rymmaren_02.06-lzy.mp3,5.07,M
/0207-thomas_bodstroem_-_rymmaren_02.07-lzy.mp3,3.27,M
/0208-thomas_bodstroem_-_rymmaren_02.08-lzy.mp3,4.56,M
/0209-thomas_bodstroem_-_rymmaren_02.09-lzy.mp3,4,M
/0210-thomas_bodstroem_-_rymmaren_02.10-lzy.mp3,2.8,M
/0211-thomas_bodstroem_-_rymmaren_02.11-lzy.mp3,6.38,M
/0212-thomas_bodstroem_-_rymmaren_02.12-lzy.mp3,5.6,M
/0213-thomas_bodstroem_-_rymmaren_02.13-lzy.mp3,3.91,M
/0214-thomas_bodstroem_-_rymmaren_02.14-lzy.mp3,4.22,M
/0215-thomas_bodstroem_-_rymmaren_02.15-lzy.mp3,6.33,M
/0300-thomas_bodstroem_-_rymmaren_cd03-lzy.m3u,1.38,K
/0301-thomas_bodstroem_-_rymmaren_03.01-lzy.mp3,77.69,K
/0302-thomas_bodstroem_-_rymmaren_03.02-lzy.mp3,5.72,M
/0303-thomas_bodstroem_-_rymmaren_03.03-lzy.mp3,4.38,M
/0304-thomas_bodstroem_-_rymmaren_03.04-lzy.mp3,4.72,M
/0305-thomas_bodstroem_-_rymmaren_03.05-lzy.mp3,4.54,M
/0306-thomas_bodstroem_-_rymmaren_03.06-lzy.mp3,4.49,M
/0307-thomas_bodstroem_-_rymmaren_03.07-lzy.mp3,4.59,M
/0308-thomas_bodstroem_-_rymmaren_03.08-lzy.mp3,3.34,M
/0309-thomas_bodstroem_-_rymmaren_03.09-lzy.mp3,4.82,M
/0310-thomas_bodstroem_-_rymmaren_03.10-lzy.mp3,3.63,M
/0311-thomas_bodstroem_-_rymmaren_03.11-lzy.mp3,6.43,M
/0312-thomas_bodstroem_-_rymmaren_03.12-lzy.mp3,4.22,M
/0313-thomas_bodstroem_-_rymmaren_03.13-lzy.mp3,5.04,M
/0314-thomas_bodstroem_-_rymmaren_03.14-lzy.mp3,6.35,M
/0315-thomas_bodstroem_-_rymmaren_03.15-lzy.mp3,4.92,M
/0400-thomas_bodstroem_-_rymmaren_cd04-lzy.m3u,1.2,K
/0401-thomas_bodstroem_-_rymmaren_04.01-lzy.mp3,77.28,K
/0402-thomas_bodstroem_-_rymmaren_04.02-lzy.mp3,5.48,M
/0403-thomas_bodstroem_-_rymmaren_04.03-lzy.mp3,6.41,M
/0404-thomas_bodstroem_-_rymmaren_04.04-lzy.mp3,4.36,M
/0405-thomas_bodstroem_-_rymmaren_04.05-lzy.mp3,4.39,M
/0406-thomas_bodstroem_-_rymmaren_04.06-lzy.mp3,6.06,M
/0407-thomas_bodstroem_-_rymmaren_04.07-lzy.mp3,5.54,M
/0408-thomas_bodstroem_-_rymmaren_04.08-lzy.mp3,6.51,M
/0409-thomas_bodstroem_-_rymmaren_04.09-lzy.mp3,5.24,M
/0410-thomas_bodstroem_-_rymmaren_04.10-lzy.mp3,5.49,M
/0411-thomas_bodstroem_-_rymmaren_04.11-lzy.mp3,2.96,M
/0412-thomas_bodstroem_-_rymmaren_04.12-lzy.mp3,7.02,M
/0413-thomas_bodstroem_-_rymmaren_04.13-lzy.mp3,3.59,M
/0500-thomas_bodstroem_-_rymmaren_cd05-lzy.m3u,1.48,K
/0501-thomas_bodstroem_-_rymmaren_05.01-lzy.mp3,77.38,K
/0502-thomas_bodstroem_-_rymmaren_05.02-lzy.mp3,4.25,M
/0503-thomas_bodstroem_-_rymmaren_05.03-lzy.mp3,4.52,M
/0504-thomas_bodstroem_-_rymmaren_05.04-lzy.mp3,5.17,M
/0505-thomas_bodstroem_-_rymmaren_05.05-lzy.mp3,5.74,M
/0506-thomas_bodstroem_-_rymmaren_05.06-lzy.mp3,3.17,M
/0507-thomas_bodstroem_-_rymmaren_05.07-lzy.mp3,4.4,M
/0508-thomas_bodstroem_-_rymmaren_05.08-lzy.mp3,3.94,M
/0509-thomas_bodstroem_-_rymmaren_05.09-lzy.mp3,5.34,M
/0510-thomas_bodstroem_-_rymmaren_05.10-lzy.mp3,4.31,M
/0511-thomas_bodstroem_-_rymmaren_05.11-lzy.mp3,4.76,M
/0512-thomas_bodstroem_-_rymmaren_05.12-lzy.mp3,4.93,M
/0513-thomas_bodstroem_-_rymmaren_05.13-lzy.mp3,4.34,M
/0514-thomas_bodstroem_-_rymmaren_05.14-lzy.mp3,3.8,M
/0515-thomas_bodstroem_-_rymmaren_05.15-lzy.mp3,4.87,M
/0516-thomas_bodstroem_-_rymmaren_05.16-lzy.mp3,4.4,M
/0600-thomas_bodstroem_-_rymmaren_cd06-lzy.m3u,1.38,K
/0601-thomas_bodstroem_-_rymmaren_06.01-lzy.mp3,75.83,K
/0602-thomas_bodstroem_-_rymmaren_06.02-lzy.mp3,4.44,M
/0603-thomas_bodstroem_-_rymmaren_06.03-lzy.mp3,3.94,M
/0604-thomas_bodstroem_-_rymmaren_06.04-lzy.mp3,6.27,M
/0605-thomas_bodstroem_-_rymmaren_06.05-lzy.mp3,3.84,M
/0606-thomas_bodstroem_-_rymmaren_06.06-lzy.mp3,6.02,M
/0607-thomas_bodstroem_-_rymmaren_06.07-lzy.mp3,4.71,M
/0608-thomas_bodstroem_-_rymmaren_06.08-lzy.mp3,5.29,M
/0609-thomas_bodstroem_-_rymmaren_06.09-lzy.mp3,4.46,M
/0610-thomas_bodstroem_-_rymmaren_06.10-lzy.mp3,4.15,M
/0611-thomas_bodstroem_-_rymmaren_06.11-lzy.mp3,4.6,M
/0612-thomas_bodstroem_-_rymmaren_06.12-lzy.mp3,6.48,M
/0613-thomas_bodstroem_-_rymmaren_06.13-lzy.mp3,5.57,M
/0614-thomas_bodstroem_-_rymmaren_06.14-lzy.mp3,4.01,M
/0615-thomas_bodstroem_-_rymmaren_06.15-lzy.mp3,4.54,M
/0700-thomas_bodstroem_-_rymmaren_cd07-lzy.m3u,1.29,K
/0701-thomas_bodstroem_-_rymmaren_07.01-lzy.mp3,76.41,K
/0702-thomas_bodstroem_-_rymmaren_07.02-lzy.mp3,4.15,M
/0703-thomas_bodstroem_-_rymmaren_07.03-lzy.mp3,4.39,M
/0704-thomas_bodstroem_-_rymmaren_07.04-lzy.mp3,4.75,M
/0705-thomas_bodstroem_-_rymmaren_07.05-lzy.mp3,5.67,M
/0706-thomas_bodstroem_-_rymmaren_07.06-lzy.mp3,4.64,M
/0707-thomas_bodstroem_-_rymmaren_07.07-lzy.mp3,4.16,M
/0708-thomas_bodstroem_-_rymmaren_07.08-lzy.mp3,4.57,M
/0709-thomas_bodstroem_-_rymmaren_07.09-lzy.mp3,4.33,M
/0710-thomas_bodstroem_-_rymmaren_07.10-lzy.mp3,5.63,M
/0711-thomas_bodstroem_-_rymmaren_07.11-lzy.mp3,5.25,M
/0712-thomas_bodstroem_-_rymmaren_07.12-lzy.mp3,4.8,M
/0713-thomas_bodstroem_-_rymmaren_07.13-lzy.mp3,5.5,M
/0714-thomas_bodstroem_-_rymmaren_07.14-lzy.mp3,4.39,M
/0800-thomas_bodstroem_-_rymmaren_cd08-lzy.m3u,1.29,K
/0801-thomas_bodstroem_-_rymmaren_08.01-lzy.mp3,77.95,K
/0802-thomas_bodstroem_-_rymmaren_08.02-lzy.mp3,5.05,M
/0803-thomas_bodstroem_-_rymmaren_08.03-lzy.mp3,3.58,M
/0804-thomas_bodstroem_-_rymmaren_08.04-lzy.mp3,4.1,M
/0805-thomas_bodstroem_-_rymmaren_08.05-lzy.mp3,3.98,M
/0806-thomas_bodstroem_-_rymmaren_08.06-lzy.mp3,4.77,M
/0807-thomas_bodstroem_-_rymmaren_08.07-lzy.mp3,3.14,M
/0808-thomas_bodstroem_-_rymmaren_08.08-lzy.mp3,5.72,M
/0809-thomas_bodstroem_-_rymmaren_08.09-lzy.mp3,5.36,M
/0810-thomas_bodstroem_-_rymmaren_08.10-lzy.mp3,4.17,M
/0811-thomas_bodstroem_-_rymmaren_08.11-lzy.mp3,4.57,M
/0812-thomas_bodstroem_-_rymmaren_08.12-lzy.mp3,5.17,M
/0813-thomas_bodstroem_-_rymmaren_08.13-lzy.mp3,4.09,M
/0814-thomas_bodstroem_-_rymmaren_08.14-lzy.mp3,4.91,M
/0900-thomas_bodstroem_-_rymmaren_cd09-lzy.m3u,1.48,K
/0901-thomas_bodstroem_-_rymmaren_09.01-lzy.mp3,81.13,K
/0902-thomas_bodstroem_-_rymmaren_09.02-lzy.mp3,4.7,M
/0903-thomas_bodstroem_-_rymmaren_09.03-lzy.mp3,4.7,M
/0904-thomas_bodstroem_-_rymmaren_09.04-lzy.mp3,4.59,M
/0905-thomas_bodstroem_-_rymmaren_09.05-lzy.mp3,3.8,M
/0906-thomas_bodstroem_-_rymmaren_09.06-lzy.mp3,4.24,M
/0907-thomas_bodstroem_-_rymmaren_09.07-lzy.mp3,6.17,M
/0908-thomas_bodstroem_-_rymmaren_09.08-lzy.mp3,4.76,M
/0909-thomas_bodstroem_-_rymmaren_09.09-lzy.mp3,4.68,M
/0910-thomas_bodstroem_-_rymmaren_09.10-lzy.mp3,3.93,M
/0911-thomas_bodstroem_-_rymmaren_09.11-lzy.mp3,6.39,M
/0912-thomas_bodstroem_-_rymmaren_09.12-lzy.mp3,3.48,M
/0913-thomas_bodstroem_-_rymmaren_09.13-lzy.mp3,3.23,M
/0914-thomas_bodstroem_-_rymmaren_09.14-lzy.mp3,4.23,M
/0915-thomas_bodstroem_-_rymmaren_09.15-lzy.mp3,4.12,M
/0916-thomas_bodstroem_-_rymmaren_09.16-lzy.mp3,4.44,M
/1000-thomas_bodstroem_-_rymmaren_cd10-lzy.m3u,1.47,K
/1001-thomas_bodstroem_-_rymmaren_10.01-lzy.mp3,80.49,K
/1002-thomas_bodstroem_-_rymmaren_10.02-lzy.mp3,4.44,M
/1003-thomas_bodstroem_-_rymmaren_10.03-lzy.mp3,4.78,M
/1004-thomas_bodstroem_-_rymmaren_10.04-lzy.mp3,5.72,M
/1005-thomas_bodstroem_-_rymmaren_10.05-lzy.mp3,5.63,M
/1006-thomas_bodstroem_-_rymmaren_10.06-lzy.mp3,3.88,M
/1007-thomas_bodstroem_-_rymmaren_10.07-lzy.mp3,4.51,M
/1008-thomas_bodstroem_-_rymmaren_10.08-lzy.mp3,4.76,M
/1009-thomas_bodstroem_-_rymmaren_10.09-lzy.mp3,4.11,M
/1010-thomas_bodstroem_-_rymmaren_10.10-lzy.mp3,5.23,M
/1011-thomas_bodstroem_-_rymmaren_10.11-lzy.mp3,4.01,M
/1012-thomas_bodstroem_-_rymmaren_10.12-lzy.mp3,6.27,M
/1013-thomas_bodstroem_-_rymmaren_10.13-lzy.mp3,5.27,M
/1014-thomas_bodstroem_-_rymmaren_10.14-lzy.mp3,2.83,M
/1015-thomas_bodstroem_-_rymmaren_10.15-lzy.mp3,132.82,K
/1016-thomas_bodstroem_-_rymmaren_10.16-lzy.mp3,2.88,M
/FiLMFiX.jpeg.jpg,105.15,K
/filmfix.se.txt,868,B
