Filename,Size,Unit
/BEST-TORRENTS.PL/14.Soda Club -Take My  Breath Away.mp3,7.35,M
/BEST-TORRENTS.PL/14. Joy - Touch By Touch.mp3,7.2,M
/BEST-TORRENTS.PL/17.Karincha - Vamos A La Playa.mp3,6.99,M
/BEST-TORRENTS.PL/19.Get-Careless Whisper Marc Kiss No Sax Remix.mp3,6.96,M
/BEST-TORRENTS.PL/11.Gloria Gaynor - I Will Survivev (Layton & Stone Radio Cut).mp3,6.68,M
/BEST-TORRENTS.PL/06.DJ Scotty vs. Full Gainer - Everything I Do (Extended Mix).mp3,6.55,M
/BEST-TORRENTS.PL/05.Berlin Feat.Giorgio Moroder - Take My Brath Away.mp3,6.36,M
/BEST-TORRENTS.PL/13.Dj Wildcut - I Love Rock 'N' Roll.mp3,6.29,M
/BEST-TORRENTS.PL/02.Cascada - Kids in America (Original Mix).mp3,6.04,M
/BEST-TORRENTS.PL/01.Bananarama - Venus.mp3,5.67,M
/BEST-TORRENTS.PL/07.Samantha Fox - Touch Me.mp3,5.64,M
/BEST-TORRENTS.PL/16.Global Party Pimps - Lily Was Here.mp3,5.61,M
/BEST-TORRENTS.PL/04. 4 Grooves - Writing On The Wall.mp3,5.46,M
/BEST-TORRENTS.PL/08.Novaspace - Time After Time.mp3,5.22,M
/BEST-TORRENTS.PL/18.Erazor - One Night in Bangkok-Rmx.mp3,5.04,M
/BEST-TORRENTS.PL/15.Early Shirley - Neverending Story.mp3,4.92,M
/BEST-TORRENTS.PL/12.Eve - The Only Way Is Up.mp3,4.82,M
/BEST-TORRENTS.PL/09.S-Boys - Reality-Rmx.mp3,4.73,M
/BEST-TORRENTS.PL/20.Down Low - Wouldn`T It Be Good.mp3,3.72,M
/BEST-TORRENTS.PL/10.Cascada-Wouldn't it Be Good.mp3,3.28,M
/BEST.jpg,112.18,K
/Tracklisting.txt,1.73,K
/SPRAWDZ   !!!!!!!!!!!!!!!!!!!!!!!!!!!!!!!!!!!!!!!!!!!!!!!.url,172,B
/ZOBACZ!!!!!!!!!!!!!!!!1.url,161,B
