Title,Type,Files,Size,IMDB,Spoken Languages,Texted Languages,Tags,Quality (+),Quality (-),Uploaded,By,User Type,Seeders,Leechers,Info Hash,Picture,Capture Date
Videoteenage - French casting - Eva.wmv,506,8,479.19 MiB (502469524 Bytes),,,,"""Amateur"",""Cumshot"",""Masturbation"",""Teen"",""XXX"",""Adult""",1,0,2010-06-19T13:53:40Z,1.No.1,[V],3,3,2D76D686672EADCAE84C399C2ECFF85E1BA46D63,,2012-07-14T13:23:18Z
