Filename,Size,Unit
30.frontal.jpg,23.13,K
En.La.Cocina.En.30.Minutos.Silvana.De.Lauro.PDF.by.chuska.{www.cantabriatorrent.net}.pdf,4.43,M
LEEME.txt,55,B
