Title,Type,Files,Size,IMDB,Spoken Languages,Texted Languages,Tags,Quality (+),Quality (-),Uploaded,By,User Type,Seeders,Leechers,Info Hash,Picture,Capture Date
FuckedHard18.-.Hayden,501,1,484.62 MiB (508157283 Bytes),,,,,0,0,2010-08-24T01:39:30Z,exmnova,[T],1,0,245273C479634464144AB90CC517A2938A14A092,,2012-07-07T20:40:35Z
