Title,Type,Files,Size,IMDB,Spoken Languages,Texted Languages,Tags,Quality (+),Quality (-),Uploaded,By,User Type,Seeders,Leechers,Info Hash,Picture,Capture Date
Hunting.Grounds.2008.DVDRip.XviD-ViSiON,201,2,707.48 MiB (741847734 Bytes),,English,,,0,0,2010-01-07T06:29:53Z,.BONE.,[V],0,0,7C52394EA119FDCA759CC0C9184EA8A72C82705F,,2012-07-22T12:00:42Z
