Title,Type,Files,Size,IMDB,Spoken Languages,Texted Languages,Tags,Quality (+),Quality (-),Uploaded,By,User Type,Seeders,Leechers,Info Hash,Picture,Capture Date
Saw V swesub avi [2008],201,4,1.33 GiB (1430724089 Bytes),http://www.imdb.com/title/tt1132626/,English,Swedish,"""filmfix.se"",""jigsaw""",0,0,2009-08-04T18:26:16Z,Anonymous,,1,1,3D138A57D56101614D5D3B8D215BD5E0851C0775,,2012-07-28T04:29:33Z
