Title,Type,Files,Size,IMDB,Spoken Languages,Texted Languages,Tags,Quality (+),Quality (-),Uploaded,By,User Type,Seeders,Leechers,Info Hash,Picture,Capture Date
What Really Happened - May 03 MO [sebaygo1],199,3,34.83 MiB (36518023 Bytes),,,,"""what really happened"",""mike rivero"",""iran"",""israel"",""war""",0,0,2010-05-04T04:47:48Z,sebaygo1,[T],0,0,850D46E36506DDC8484B542D5E309A2D11ED5B46,,2012-07-16T17:48:06Z
