User Type,Username,Date,Text
,Sach007,2010-01-19T08:54Z,"for natarang :

Natrang (2010) [Hindi]1CD DVDSCR XviD MP3 Subs [BDU] "
,Sach007,2010-01-19T08:55Z,Thanks man..
,Priyankshah123,2010-01-19T14:03Z,"Song ""Friday night"" i like that.."
