Filename,Size,Unit
/VIDEO_TS/VIDEO_TS.BUP,8,K
/VIDEO_TS/VIDEO_TS.IFO,8,K
/VIDEO_TS/VTS_01_0.BUP,90,K
/VIDEO_TS/VTS_01_0.IFO,90,K
/VIDEO_TS/VTS_01_0.VOB,408,K
/VIDEO_TS/VTS_01_1.VOB,1024,M
/VIDEO_TS/VTS_01_2.VOB,1024,M
/VIDEO_TS/VTS_01_3.VOB,1024,M
/VIDEO_TS/VTS_01_4.VOB,1024,M
/VIDEO_TS/VTS_01_5.VOB,306.38,M
