Title,Type,Files,Size,IMDB,Spoken Languages,Texted Languages,Tags,Quality (+),Quality (-),Uploaded,By,User Type,Seeders,Leechers,Info Hash,Picture,Capture Date
Maniado Family's Sovenirs ~ Hard Incest ~,501,2,698.65 MiB (732589348 Bytes),,German,,,0,0,2010-04-30T16:25:27Z,brego45,[V],2,2,66B436772AD226DD8B793C8CA89A221C6ADB7A54,,2012-07-16T23:25:50Z
