Filename,Size,Unit
[Met-Art] Altea B - Supremi [17.11.10_marcco].rar,41.75,M
