Title,Type,Files,Size,IMDB,Spoken Languages,Texted Languages,Tags,Quality (+),Quality (-),Uploaded,By,User Type,Seeders,Leechers,Info Hash,Picture,Capture Date
Prince.of.Persia.The.Sands.of.Time.2010.R4.DVDRip.XVID-lOVE,201,5,1.37 GiB (1468480248 Bytes),http://www.imdb.com/title/tt0473075/,,,,0,2,2010-08-15T17:54:41Z,.BONE.,[V],0,0,6EB53D3D64BC50748C1F955E35E24AB3D841F306,,2012-07-08T09:44:27Z
