Filename,Size,Unit
/101_deephouse_lounge_vol_1-drum.mp3,105.97,M
/201_deephouse_lounge_vol_1-drum.mp3,101.79,M
/000_va_-_deephouse_lounge_vol_1-(2cd)-2010-front.jpg,90.59,K
/000_va_-_deephouse_lounge_vol_1-(2cd)-2010-drum.nfo,10.75,K
/201_deephouse_lounge_vol_1-drum.cue,1.49,K
/101_deephouse_lounge_vol_1-drum.cue,1.39,K
"/WWW.ToRReNTaZoS.CoM,Tu Chat Mas Divertido y Los Enlaces Bittorrent Mas Actuales.url",214,B
/000_va_-_deephouse_lounge_vol_1-(2cd)-2010-drum.sfv,92,B
/000_va_-_deephouse_lounge_vol_1-(2cd)-2010-drum.m3u,72,B
/100_va_-_deephouse_lounge_vol_1-cd1-2010-drum.m3u,37,B
/200_va_-_deephouse_lounge_vol_1-cd2-2010-drum.m3u,37,B
