Filename,Size,Unit
El piano.avi,1.36,G
