Filename,Size,Unit
Asstraffic.Adrianna.Med.Quality.Meat499.wmv,309.55,M
