Filename,Size,Unit
/INFO 2Lions-Team/2Lions-Team.jpg,314.99,K
/INFO 2Lions-Team/Merlin S02E02 2Lions-Team.txt,2.12,K
/INFO 2Lions-Team/Torrents aan geboden door _2lions.ons-forum.nl.txt,517,B
/INFO 2Lions-Team/Torrent_downloaded_from_Demonoid.com.txt,482,B
/INFO 2Lions-Team/tracked_by_h33t_com.txt,246,B
/VIDEO_TS/VTS_01_1.VOB,982.45,M
/VIDEO_TS/VIDEO_TS.VOB,58,K
/VIDEO_TS/VTS_01_0.VOB,58,K
/VIDEO_TS/VTS_01_0.BUP,38,K
/VIDEO_TS/VTS_01_0.IFO,38,K
/VIDEO_TS/VIDEO_TS.IFO,12,K
/VIDEO_TS/VIDEO_TS.BUP,12,K
