Title,Type,Files,Size,IMDB,Spoken Languages,Texted Languages,Tags,Quality (+),Quality (-),Uploaded,By,User Type,Seeders,Leechers,Info Hash,Picture,Capture Date
Wario Ware Smooth Moves [PAL] [WiiTorrentZ],405,39,3.4 GiB (3646458669 Bytes),,,,"""pal""",0,0,2010-02-01T00:44:44Z,ecabuk,,15,3,4280B7FC5BDEB41CD55C0410DAD8935AF48091D3,http://image.bayimg.com/pakggaacb.jpg,2012-07-21T05:11:41Z
