Filename,Size,Unit
[NDS]Josefine_Skolehjelp_Matematikk[NOR][ESPACONSOLAS.com].rar,13.24,M
