Filename,Size,Unit
/deadlands.2.trapped.2008.limited.dvdrip.xvid-lpd.nfo,5.87,K
/deadlands2.xvid-lpd.r00,14.31,M
/deadlands2.xvid-lpd.r01,14.31,M
/deadlands2.xvid-lpd.r02,14.31,M
/deadlands2.xvid-lpd.r03,14.31,M
/deadlands2.xvid-lpd.r04,14.31,M
/deadlands2.xvid-lpd.r05,14.31,M
/deadlands2.xvid-lpd.r06,14.31,M
/deadlands2.xvid-lpd.r07,14.31,M
/deadlands2.xvid-lpd.r08,14.31,M
/deadlands2.xvid-lpd.r09,14.31,M
/deadlands2.xvid-lpd.r10,14.31,M
/deadlands2.xvid-lpd.r11,14.31,M
/deadlands2.xvid-lpd.r12,14.31,M
/deadlands2.xvid-lpd.r13,14.31,M
/deadlands2.xvid-lpd.r14,14.31,M
/deadlands2.xvid-lpd.r15,14.31,M
/deadlands2.xvid-lpd.r16,14.31,M
/deadlands2.xvid-lpd.r17,14.31,M
/deadlands2.xvid-lpd.r18,14.31,M
/deadlands2.xvid-lpd.r19,14.31,M
/deadlands2.xvid-lpd.r20,14.31,M
/deadlands2.xvid-lpd.r21,14.31,M
/deadlands2.xvid-lpd.r22,14.31,M
/deadlands2.xvid-lpd.r23,14.31,M
/deadlands2.xvid-lpd.r24,14.31,M
/deadlands2.xvid-lpd.r25,14.31,M
/deadlands2.xvid-lpd.r26,14.31,M
/deadlands2.xvid-lpd.r27,14.31,M
/deadlands2.xvid-lpd.r28,14.31,M
/deadlands2.xvid-lpd.r29,14.31,M
/deadlands2.xvid-lpd.r30,14.31,M
/deadlands2.xvid-lpd.r31,14.31,M
/deadlands2.xvid-lpd.r32,14.31,M
/deadlands2.xvid-lpd.r33,14.31,M
/deadlands2.xvid-lpd.r34,14.31,M
/deadlands2.xvid-lpd.r35,14.31,M
/deadlands2.xvid-lpd.r36,14.31,M
/deadlands2.xvid-lpd.r37,14.31,M
/deadlands2.xvid-lpd.r38,14.31,M
/deadlands2.xvid-lpd.r39,14.31,M
/deadlands2.xvid-lpd.r40,14.31,M
/deadlands2.xvid-lpd.r41,14.31,M
/deadlands2.xvid-lpd.r42,14.31,M
/deadlands2.xvid-lpd.r43,14.31,M
/deadlands2.xvid-lpd.r44,14.31,M
/deadlands2.xvid-lpd.r45,14.31,M
/deadlands2.xvid-lpd.r46,14.31,M
/deadlands2.xvid-lpd.r47,14.31,M
/deadlands2.xvid-lpd.r48,7.17,M
/deadlands2.xvid-lpd.rar,14.31,M
/deadlands2.xvid-lpd.sfv,1.66,K
/www.torrentday.com.txt,400,B
