Title,Type,Files,Size,IMDB,Spoken Languages,Texted Languages,Tags,Quality (+),Quality (-),Uploaded,By,User Type,Seeders,Leechers,Info Hash,Picture,Capture Date
Fifth Gear S18E05 WS PDTV XviD-ORGANiC-[tracker.BTARENA.org].avi,205,1,174.09 MiB (182543004 Bytes),,,,,0,0,2010-11-05T21:19:47Z,AiTB,[V],0,0,6A2E74157E5BE13608C202914DBFFE4A3EB8E18E,,2012-07-04T11:43:25Z
