Filename,Size,Unit
chi-ggglive16.avi,699.55,M
chi-ggglive16.nfo,12.26,K
front.jpg,35.2,K
