Filename,Size,Unit
Coach (2010) DvdRip [Xvid] {1337x}-X.avi,697.8,M
