Filename,Size,Unit
/01 Transatlantic Blow.mp3,8.76,M
/02 Going Wrong (with DJ Shah feat. Chris Jones).mp3,10.55,M
/02 Let Me Be Real (Hook N Sling vs. Goodwill Remix).mp3,7.54,M
/03 Slip.mp3,11.73,M
/03 faithless-music_matters_feat_cass_fox_(axwell_remix)-wws.mp3,19.26,M
/04 All Stars.mp3,5.12,M
/06 From The Speaker.m4a,8.48,M
/08 Pjanoo.m4a,11.87,M
/09 Rock It (Original Mix).mp3,4.54,M
/10 Beach Kisses (Joris Voorn Green Mix).mp3,7.4,M
/13 Pursuit Of Happiness (Feat. MGMT & Ratatat).mp3,11.33,M
/Alone Tonight.mp3,14.62,M
/Borderline.mp3,8.65,M
/Can't Sleep.mp3,16.93,M
/Don't You - Original Mix.mp3,14.14,M
/God is a DJ (Deadmau5 Remix).mp3,14.04,M
/History Repeating.mp3,3.75,M
/Raindrops.mp3,9.55,M
/Relativity.mp3,5.29,M
/Sexy Bitch.mp3,5.59,M
/Take California.mp3,6.79,M
/Take Me Away (Deadmau5 Remix 2008).mp3,15.03,M
/The Weekend (Radio Edit).mp3,2.94,M
/Woman (Mstrkrft Remix).mp3,3.33,M
