Filename,Size,Unit
/d18_gracie_glam.wmv,744.77,M
/screens.jpg,351.15,K
/poster.jpg,11.64,K
/Disgraced.18.-.Gracie.Glam.nfo,50,B
