Filename,Size,Unit
Bleach - 040 - The Deathgod whom Ganju Met [amCLEET].avi,107.57,M
