Filename,Size,Unit
/CD1/slieze-suckias.cd1.r00,14.31,M
/CD1/slieze-suckias.cd1.r01,14.31,M
/CD1/slieze-suckias.cd1.r02,14.31,M
/CD1/slieze-suckias.cd1.r03,14.31,M
/CD1/slieze-suckias.cd1.r04,14.31,M
/CD1/slieze-suckias.cd1.r05,14.31,M
/CD1/slieze-suckias.cd1.r06,14.31,M
/CD1/slieze-suckias.cd1.r07,14.31,M
/CD1/slieze-suckias.cd1.r08,14.31,M
/CD1/slieze-suckias.cd1.r09,14.31,M
/CD1/slieze-suckias.cd1.r10,14.31,M
/CD1/slieze-suckias.cd1.r11,14.31,M
/CD1/slieze-suckias.cd1.r12,14.31,M
/CD1/slieze-suckias.cd1.r13,14.31,M
/CD1/slieze-suckias.cd1.r14,14.31,M
/CD1/slieze-suckias.cd1.r15,14.31,M
/CD1/slieze-suckias.cd1.r16,14.31,M
/CD1/slieze-suckias.cd1.r17,14.31,M
/CD1/slieze-suckias.cd1.r18,14.31,M
/CD1/slieze-suckias.cd1.r19,14.31,M
/CD1/slieze-suckias.cd1.r20,14.31,M
/CD1/slieze-suckias.cd1.r21,14.31,M
/CD1/slieze-suckias.cd1.r22,14.31,M
/CD1/slieze-suckias.cd1.r23,14.31,M
/CD1/slieze-suckias.cd1.r24,14.31,M
/CD1/slieze-suckias.cd1.r25,14.31,M
/CD1/slieze-suckias.cd1.r26,14.31,M
/CD1/slieze-suckias.cd1.r27,14.31,M
/CD1/slieze-suckias.cd1.r28,14.31,M
/CD1/slieze-suckias.cd1.r29,14.31,M
/CD1/slieze-suckias.cd1.r30,14.31,M
/CD1/slieze-suckias.cd1.r31,14.31,M
/CD1/slieze-suckias.cd1.r32,14.31,M
/CD1/slieze-suckias.cd1.r33,14.31,M
/CD1/slieze-suckias.cd1.r34,14.31,M
/CD1/slieze-suckias.cd1.r35,14.31,M
/CD1/slieze-suckias.cd1.r36,14.31,M
/CD1/slieze-suckias.cd1.r37,14.31,M
/CD1/slieze-suckias.cd1.r38,14.31,M
/CD1/slieze-suckias.cd1.r39,14.31,M
/CD1/slieze-suckias.cd1.r40,14.31,M
/CD1/slieze-suckias.cd1.r41,14.31,M
/CD1/slieze-suckias.cd1.r42,14.31,M
/CD1/slieze-suckias.cd1.r43,14.31,M
/CD1/slieze-suckias.cd1.r44,14.31,M
/CD1/slieze-suckias.cd1.r45,14.31,M
/CD1/slieze-suckias.cd1.r46,14.31,M
/CD1/slieze-suckias.cd1.r47,11.84,M
/CD1/slieze-suckias.cd1.rar,14.31,M
/CD1/slieze-suckias.cd1.sfv,1.58,K
/CD2/slieze-suckias.cd2.r00,14.31,M
/CD2/slieze-suckias.cd2.r01,14.31,M
/CD2/slieze-suckias.cd2.r02,14.31,M
/CD2/slieze-suckias.cd2.r03,14.31,M
/CD2/slieze-suckias.cd2.r04,14.31,M
/CD2/slieze-suckias.cd2.r05,14.31,M
/CD2/slieze-suckias.cd2.r06,14.31,M
/CD2/slieze-suckias.cd2.r07,14.31,M
/CD2/slieze-suckias.cd2.r08,14.31,M
/CD2/slieze-suckias.cd2.r09,14.31,M
/CD2/slieze-suckias.cd2.r10,14.31,M
/CD2/slieze-suckias.cd2.r11,14.31,M
/CD2/slieze-suckias.cd2.r12,14.31,M
/CD2/slieze-suckias.cd2.r13,14.31,M
/CD2/slieze-suckias.cd2.r14,14.31,M
/CD2/slieze-suckias.cd2.r15,14.31,M
/CD2/slieze-suckias.cd2.r16,14.31,M
/CD2/slieze-suckias.cd2.r17,14.31,M
/CD2/slieze-suckias.cd2.r18,14.31,M
/CD2/slieze-suckias.cd2.r19,14.31,M
/CD2/slieze-suckias.cd2.r20,14.31,M
/CD2/slieze-suckias.cd2.r21,14.31,M
/CD2/slieze-suckias.cd2.r22,14.31,M
/CD2/slieze-suckias.cd2.r23,14.31,M
/CD2/slieze-suckias.cd2.r24,14.31,M
/CD2/slieze-suckias.cd2.r25,14.31,M
/CD2/slieze-suckias.cd2.r26,14.31,M
/CD2/slieze-suckias.cd2.r27,14.31,M
/CD2/slieze-suckias.cd2.r28,14.31,M
/CD2/slieze-suckias.cd2.r29,14.31,M
/CD2/slieze-suckias.cd2.r30,14.31,M
/CD2/slieze-suckias.cd2.r31,14.31,M
/CD2/slieze-suckias.cd2.r32,14.31,M
/CD2/slieze-suckias.cd2.r33,14.31,M
/CD2/slieze-suckias.cd2.r34,14.31,M
/CD2/slieze-suckias.cd2.r35,14.31,M
/CD2/slieze-suckias.cd2.r36,14.31,M
/CD2/slieze-suckias.cd2.r37,14.31,M
/CD2/slieze-suckias.cd2.r38,14.31,M
/CD2/slieze-suckias.cd2.r39,14.31,M
/CD2/slieze-suckias.cd2.r40,14.31,M
/CD2/slieze-suckias.cd2.r41,14.31,M
/CD2/slieze-suckias.cd2.r42,14.31,M
/CD2/slieze-suckias.cd2.r43,14.31,M
/CD2/slieze-suckias.cd2.r44,14.31,M
/CD2/slieze-suckias.cd2.r45,14.31,M
/CD2/slieze-suckias.cd2.r46,14.31,M
/CD2/slieze-suckias.cd2.r47,13.57,M
/CD2/slieze-suckias.cd2.rar,14.31,M
/CD2/slieze-suckias.cd2.sfv,1.58,K
/Covers/slieze-suckias9b.jpg,28.13,K
/Covers/slieze-suckias9f.jpg,55.28,K
/Sample/slieze-suckias.sample.avi,12.23,M
/slieze-suckias.nfo,9.48,K
/www.torrentday.com   -.jpg,453,B
